X,Y,Z
0,0,11.5
0,1,11.5
0,2,11.5
0,3,11
0,4,11.5
0,5,11.5
0,6,11.5
0,7,11.5
0,8,9
0,9,9
0,10,9
0,11,9
0,12,8.5
0,13,8.5
0,14,8.5
0,15,8.5
0,16,8.5
0,17,8.5
0,18,8.5
0,19,8.5
0,20,8.5
0,21,8.5
0,22,8.5
0,23,8.5
0,24,8.75
0,25,8.75
0,26,8.75
0,27,8.75
0,28,8.75
0,29,8.75
0,30,8.75
0,31,8.75
0,32,8.75
0,33,8.75
0,34,8.75
0,35,8.75
0,36,8
0,37,7.9
0,38,8
0,39,8
0,40,10.5
0,41,10.5
0,42,11.5
0,43,10.5
0,44,23
0,45,10.1
0,46,9.8
0,47,10
1,0,11
1,1,11.5
1,2,11.5
1,3,11.5
1,4,11.5
1,5,11.5
1,6,11.5
1,7,11.5
1,8,9
1,9,9
1,10,9
1,11,9
1,12,8.5
1,13,8.5
1,14,8.5
1,15,8.5
1,16,8.5
1,17,8.5
1,18,8.5
1,19,8.5
1,20,8.5
1,21,8.5
1,22,8.5
1,23,8.5
1,24,8.75
1,25,8.75
1,26,8.75
1,27,8.75
1,28,8.75
1,29,8.75
1,30,8.75
1,31,8.75
1,32,8.75
1,33,8.75
1,34,8.75
1,35,8.6
1,36,8.1
1,37,8.1
1,38,8
1,39,8
1,40,10.5
1,41,10.4
1,42,11.5
1,43,10.5
1,44,10.2
1,45,10.1
1,46,10.1
1,47,10
2,0,11
2,1,11.5
2,2,11.5
2,3,11.5
2,4,11.5
2,5,11.5
2,6,11.5
2,7,9
2,8,9
2,9,9
2,10,9
2,11,9
2,12,8.5
2,13,8.5
2,14,8.5
2,15,8.5
2,16,8.5
2,17,8.5
2,18,8.5
2,19,8.5
2,20,8.5
2,21,8.5
2,22,8.5
2,23,8.5
2,24,6.3
2,25,6.2
2,26,6.1
2,27,8.7
2,28,8.7
2,29,8.7
2,30,8.7
2,31,8.7
2,32,8.7
2,33,8.7
2,34,8.7
2,35,8.8
2,36,8.2
2,37,8.2
2,38,8.1
2,39,8
2,40,8
2,41,10.4
2,42,11.5
2,43,10.5
2,44,10.2
2,45,10.2
2,46,10.2
2,47,10
3,0,11
3,1,11.5
3,2,11.5
3,3,11.5
3,4,11.5
3,5,11.5
3,6,11.5
3,7,11.5
3,8,9
3,9,9
3,10,9
3,11,9.5
3,12,8.5
3,13,8.5
3,14,8.5
3,15,8.5
3,16,6
3,17,6
3,18,6
3,19,6
3,20,6
3,21,6
3,22,6
3,23,6
3,24,6.3
3,25,6.1
3,26,6.1
3,27,6.2
3,28,6.2
3,29,6.2
3,30,6.2
3,31,8.6
3,32,8.6
3,33,8.7
3,34,8.7
3,35,8.8
3,36,8.5
3,37,8.2
3,38,8.1
3,39,8.1
3,40,8
3,41,8
3,42,11.5
3,43,10.5
3,44,10.2
3,45,10
3,46,10.2
3,47,10
4,0,11.5
4,1,11.5
4,2,11.5
4,3,11.5
4,4,11.5
4,5,11.5
4,6,9
4,7,9
4,8,9
4,9,9
4,10,9
4,11,9
4,12,8.5
4,13,8.5
4,14,5.5
4,15,8
4,16,5.5
4,17,6
4,18,6
4,19,6
4,20,6
4,21,11.5
4,22,11.5
4,23,11
4,24,11.7
4,25,11.7
4,26,11.6
4,27,6
4,28,6.1
4,29,6.2
4,30,6.1
4,31,6.2
4,32,8.6
4,33,8.7
4,34,8.75
4,35,8.9
4,36,8.4
4,37,8.3
4,38,8.1
4,39,8.1
4,40,8
4,41,8
4,42,11.5
4,43,10.5
4,44,10.3
4,45,10.2
4,46,10.1
4,47,10
5,0,11.5
5,1,11.5
5,2,11.5
5,3,11.5
5,4,11.5
5,5,11.5
5,6,9
5,7,9
5,8,9
5,9,9
5,10,9
5,11,9
5,12,8.5
5,13,8.5
5,14,8.5
5,15,6
5,16,6
5,17,31
5,18,31
5,19,6
5,20,11.5
5,21,11.5
5,22,10.5
5,23,9
5,24,8
5,25,8.9
5,26,11
5,27,11.6
5,28,6
5,29,6
5,30,6
5,31,6
5,32,8.4
5,33,8.6
5,34,8.5
5,35,8.8
5,36,8.2
5,37,8.1
5,38,8.2
5,39,8.1
5,40,7.9
5,41,7.9
5,42,8
5,43,8
5,44,10.2
5,45,10.2
5,46,10
5,47,10.5
6,0,9
6,1,9
6,2,9
6,3,9
6,4,9
6,5,9
6,6,9
6,7,9
6,8,9
6,9,9
6,10,9
6,11,9
6,12,8.5
6,13,8.5
6,14,6.5
6,15,6
6,16,6
6,17,31
6,18,31
6,19,5.5
6,20,11.5
6,21,11
6,22,9.5
6,23,7.5
6,24,7.1
6,25,8.4
6,26,9.5
6,27,11
6,28,6.1
6,29,6.1
6,30,6.2
6,31,6.1
6,32,6.1
6,33,8.4
6,34,8.5
6,35,8.75
6,36,8.2
6,37,8.2
6,38,8.2
6,39,8
6,40,8
6,41,8
6,42,8
6,43,8
6,44,8
6,45,10
6,46,8
6,47,7.8
7,0,9
7,1,9
7,2,9
7,3,9
7,4,9
7,5,9
7,6,9
7,7,9
7,8,9
7,9,9
7,10,9
7,11,9
7,12,6.5
7,13,6
7,14,6
7,15,6
7,16,6
7,17,6
7,18,6
7,19,6
7,20,11
7,21,10
7,22,8.5
7,23,7.5
7,24,7
7,25,8.3
7,26,9.3
7,27,10.4
7,28,6.1
7,29,6.1
7,30,6.2
7,31,6.1
7,32,6.1
7,33,6.1
7,34,8.6
7,35,6.3
7,36,5.9
7,37,5.3
7,38,8
7,39,8
7,40,8
7,41,8
7,42,8
7,43,8
7,44,8
7,45,8
7,46,8
7,47,7.9
8,0,9
8,1,9
8,2,9
8,3,9
8,4,9
8,5,9
8,6,9
8,7,9
8,8,9
8,9,9
8,10,7
8,11,6.5
8,12,6
8,13,6
8,14,6
8,15,6
8,16,6
8,17,6
8,18,6
8,19,6
8,20,11.5
8,21,10
8,22,8.5
8,23,7.5
8,24,7.2
8,25,8
8,26,9.2
8,27,10.7
8,28,6.1
8,29,6
8,30,6
8,31,6.1
8,32,6.1
8,33,6.1
8,34,6.2
8,35,6.1
8,36,5.7
8,37,5.4
8,38,8
8,39,8
8,40,8
8,41,8
8,42,8
8,43,8
8,44,8
8,45,8
8,46,8.1
8,47,7.9
9,0,9
9,1,9
9,2,9
9,3,9
9,4,9
9,5,9
9,6,9
9,7,9
9,8,7
9,9,7
9,10,7
9,11,6.5
9,12,6
9,13,6
9,14,6
9,15,6
9,16,6
9,17,6
9,18,6
9,19,6
9,20,11.1
9,21,11
9,22,13.5
9,23,12
9,24,7.3
9,25,8.8
9,26,10
9,27,11.1
9,28,6.1
9,29,6.1
9,30,6.2
9,31,6.2
9,32,6.2
9,33,6.2
9,34,6.2
9,35,6.4
9,36,6
9,37,5.5
9,38,5.5
9,39,8
9,40,8
9,41,8
9,42,8
9,43,8
9,44,8
9,45,8
9,46,8.1
9,47,7.9
10,0,9
10,1,9
10,2,9
10,3,9
10,4,9
10,5,9
10,6,6.5
10,7,6.5
10,8,7
10,9,6.5
10,10,6.5
10,11,6.5
10,12,6
10,13,6
10,14,6
10,15,6
10,16,6
10,17,6
10,18,6
10,19,6
10,20,11.5
10,21,11.5
10,22,11.5
10,23,7.5
10,24,8.4
10,25,9
10,26,11.5
10,27,6.1
10,28,6.1
10,29,6.1
10,30,6
10,31,6.2
10,32,6.2
10,33,6.2
10,34,6.2
10,35,6.3
10,36,5.9
10,37,5.6
10,38,5.3
10,39,5.3
10,40,5.6
10,41,8
10,42,8
10,43,8
10,44,8
10,45,8
10,46,8
10,47,7.8
11,0,9
11,1,9
11,2,9
11,3,9
11,4,9
11,5,9
11,6,6.5
11,7,7
11,8,7
11,9,7
11,10,7
11,11,7
11,12,6
11,13,6
11,14,6
11,15,6
11,16,6
11,17,6
11,18,6
11,19,6
11,20,6
11,21,6
11,22,11.5
11,23,11.5
11,24,6.1
11,25,11.5
11,26,1.5
11,27,6
11,28,6.1
11,29,6.1
11,30,6.1
11,31,6.1
11,32,6.1
11,33,6.1
11,34,6.2
11,35,6.1
11,36,5.7
11,37,5.6
11,38,5.4
11,39,5.2
11,40,5.5
11,41,5.5
11,42,8
11,43,8
11,44,8
11,45,8
11,46,8
11,47,8
12,0,9
12,1,6.5
12,2,6.5
12,3,6.5
12,4,6.5
12,5,6.5
12,6,7
12,7,6
12,8,6.5
12,9,6.5
12,10,6.5
12,11,7
12,12,6
12,13,6
12,14,6
12,15,6
12,16,6
12,17,6
12,18,6
12,19,6
12,20,6
12,21,6
12,22,6
12,23,6
12,24,6.75
12,25,6.8
12,26,1.5
12,27,6.5
12,28,6.5
12,29,6.6
12,30,6.7
12,31,6.75
12,32,6.75
12,33,6.75
12,34,6.9
12,35,7
12,36,5.8
12,37,5.5
12,38,5.4
12,39,5.4
12,40,5.6
12,41,5.6
12,42,7.6
12,43,7.5
12,44,7.9
12,45,5.3
12,46,7.9
12,47,6
13,0,6.5
13,1,6.5
13,2,6.5
13,3,6.5
13,4,6.5
13,5,6.5
13,6,6.5
13,7,4
13,8,6.5
13,9,6.5
13,10,6.5
13,11,6.5
13,12,6
13,13,6
13,14,6
13,15,6
13,16,6
13,17,6
13,18,6
13,19,6
13,20,6
13,21,6
13,22,6
13,23,6
13,24,7
13,25,6.75
13,26,1.6
13,27,6.9
13,28,6.8
13,29,6.9
13,30,6.9
13,31,6.8
13,32,6.8
13,33,6.9
13,34,6.9
13,35,7
13,36,5.9
13,37,6
13,38,5.3
13,39,5.3
13,40,5.3
13,41,5.7
13,42,5.5
13,43,5.5
13,44,5.5
13,45,5.5
13,46,5.3
13,47,5
14,0,6.5
14,1,6.5
14,2,6.5
14,3,6.5
14,4,6.5
14,5,6.5
14,6,4
14,7,4
14,8,4
14,9,7
14,10,6.5
14,11,6.5
14,12,6
14,13,6
14,14,6
14,15,6
14,16,6
14,17,6
14,18,6
14,19,6
14,20,6
14,21,3.5
14,22,3.5
14,23,3.5
14,24,7
14,25,6.8
14,26,1.6
14,27,6.9
14,28,6.8
14,29,6.75
14,30,6.8
14,31,6.8
14,32,6.75
14,33,6.75
14,34,6.75
14,35,6.75
14,36,5.6
14,37,5.5
14,38,5.4
14,39,5.4
14,40,5.6
14,41,5.5
14,42,5.5
14,43,5.5
14,44,5.5
14,45,5.5
14,46,5.4
14,47,5.4
15,0,6.5
15,1,6.5
15,2,6.5
15,3,6.5
15,4,6.5
15,5,6.5
15,6,6.5
15,7,4
15,8,6.5
15,9,7
15,10,6.5
15,11,6.5
15,12,6
15,13,6
15,14,6
15,15,6
15,16,3.5
15,17,3.5
15,18,3.5
15,19,3.5
15,20,3.5
15,21,3.5
15,22,3.5
15,23,3.5
15,24,4.1
15,25,4.1
15,26,1.5
15,27,4.3
15,28,4.3
15,29,6.75
15,30,6.8
15,31,6.7
15,32,6.9
15,33,6.9
15,34,6.9
15,35,6.9
15,36,5.9
15,37,5.8
15,38,5.4
15,39,5.3
15,40,5.5
15,41,5.7
15,42,5.5
15,43,5.5
15,44,5.3
15,45,5.7
15,46,5.5
15,47,5.4
16,0,6.5
16,1,6.5
16,2,6.5
16,3,6.5
16,4,6.5
16,5,7
16,6,6.5
16,7,7
16,8,7
16,9,7
16,10,6.5
16,11,6.5
16,12,3.5
16,13,3.5
16,14,3.5
16,15,3.5
16,16,3.5
16,17,3.5
16,18,3.5
16,19,3.5
16,20,3.5
16,21,3.5
16,22,3.5
16,23,3.5
16,24,4.1
16,25,4
16,26,1.5
16,27,4.2
16,28,4.25
16,29,4.25
16,30,4.25
16,31,4.25
16,32,6.6
16,33,6.75
16,34,6.75
16,35,6.75
16,36,5.7
16,37,5.6
16,38,5.3
16,39,5.4
16,40,5.7
16,41,5.7
16,42,5.5
16,43,5.5
16,44,5.8
16,45,5.7
16,46,5.5
16,47,5.3
17,0,6.5
17,1,6
17,2,6.5
17,3,6.5
17,4,6.5
17,5,6.5
17,6,6.5
17,7,6.5
17,8,7
17,9,6.5
17,10,6.5
17,11,6.5
17,12,3.5
17,13,3.5
17,14,3.5
17,15,3.5
17,16,3.5
17,17,3.5
17,18,3.5
17,19,3.5
17,20,3.5
17,21,3.5
17,22,3.5
17,23,3.5
17,24,4
17,25,1.5
17,26,1.5
17,27,4.2
17,28,4.2
17,29,4.2
17,30,4
17,31,4
17,32,4
17,33,6.75
17,34,6.7
17,35,6.5
17,36,4.8
17,37,5.5
17,38,5.4
17,39,5.3
17,40,5.5
17,41,5.7
17,42,5.5
17,43,5.5
17,44,5.8
17,45,5.5
17,46,5.5
17,47,5
18,0,6
18,1,6
18,2,6
18,3,6
18,4,6
18,5,6
18,6,6
18,7,6
18,8,6
18,9,6
18,10,5.5
18,11,5
18,12,3.5
18,13,3.5
18,14,3.5
18,15,3.5
18,16,3.5
18,17,3.5
18,18,3.5
18,19,3.5
18,20,3.5
18,21,3.5
18,22,3.5
18,23,0.9
18,24,4
18,25,4
18,26,4
18,27,4
18,28,3.5
18,29,3.5
18,30,3.5
18,31,3.5
18,32,3.5
18,33,3.5
18,34,1
18,35,1
18,36,1.3
18,37,5.5
18,38,6.5
18,39,6.3
18,40,6.5
18,41,6.5
18,42,6.5
18,43,6.3
18,44,8.5
18,45,8.8
18,46,8.5
18,47,3.5
19,0,5.75
19,1,5.5
19,2,5.5
19,3,5.3
19,4,5.3
19,5,5.7
19,6,5.7
19,7,5.7
19,8,5.7
19,9,5.7
19,10,3
19,11,3
19,12,3.5
19,13,3.5
19,14,3.5
19,15,3.5
19,16,3.5
19,17,3.5
19,18,3.5
19,19,3.5
19,20,3.5
19,21,3.5
19,22,0.8
19,23,0.9
19,24,4
19,25,4
19,26,4
19,27,4
19,28,3.5
19,29,3.5
19,30,3.5
19,31,3.5
19,32,3.5
19,33,3.5
19,34,1
19,35,1
19,36,1
19,37,1
19,38,6.5
19,39,6.5
19,40,6.5
19,41,6.5
19,42,6.5
19,43,6.3
19,44,6.5
19,45,8.6
19,46,8.6
19,47,8.5
20,0,5.6
20,1,5.7
20,2,5.7
20,3,5.5
20,4,5.7
20,5,5.7
20,6,5.5
20,7,5.7
20,8,3.1
20,9,3.2
20,10,3.2
20,11,3
20,12,3.5
20,13,3.5
20,14,3.5
20,15,3.5
20,16,3.5
20,17,3.5
20,18,3.5
20,19,3.5
20,20,0.7
20,21,0.7
20,22,3.5
20,23,3.5
20,24,4
20,25,4
20,26,4
20,27,4
20,28,3.5
20,29,3.5
20,30,3.5
20,31,3.5
20,32,3.5
20,33,3.5
20,34,1
20,35,1
20,36,1
20,37,1
20,38,6.5
20,39,6.5
20,40,6.5
20,41,6.5
20,42,6.5
20,43,6.3
20,44,6.5
20,45,6.4
20,46,8.5
20,47,8.5
21,0,5.7
21,1,5.5
21,2,5.5
21,3,5.5
21,4,5.8
21,5,5.8
21,6,5.5
21,7,5.6
21,8,5.5
21,9,3
21,10,3
21,11,3.1
21,12,3.5
21,13,3.5
21,14,3.5
21,15,3.5
21,16,3.5
21,17,3.5
21,18,3.5
21,19,0.7
21,20,0.7
21,21,0.9
21,22,3.5
21,23,3.5
21,24,3.5
21,25,3.5
21,26,3.5
21,27,3.5
21,28,3.5
21,29,3.5
21,30,3.5
21,31,3.5
21,32,1
21,33,1
21,34,1
21,35,1
21,36,1
21,37,1.3
21,38,1
21,39,1
21,40,6.5
21,41,6.5
21,42,6.5
21,43,6.5
21,44,6.5
21,45,6.3
21,46,6.25
21,47,6.25
22,0,5.7
22,1,5.7
22,2,5.7
22,3,5.7
22,4,5.6
22,5,5.7
22,6,5.7
22,7,3
22,8,3
22,9,3
22,10,3
22,11,3.5
22,12,3.5
22,13,3.5
22,14,3.5
22,15,3.5
22,16,3.5
22,17,3.5
22,18,3.5
22,19,0.9
22,20,0.8
22,21,3.5
22,22,3.5
22,23,3.5
22,24,3.5
22,25,3.5
22,26,3.5
22,27,3.5
22,28,3.5
22,29,3.5
22,30,3.5
22,31,3.5
22,32,1
22,33,1
22,34,1
22,35,3.5
22,36,1.3
22,37,1
22,38,1
22,39,1
22,40,6
22,41,6.5
22,42,6.5
22,43,6.3
22,44,6.5
22,45,6.3
22,46,6.25
22,47,6.25
23,0,5.7
23,1,5.7
23,2,5.5
23,3,5.5
23,4,5.7
23,5,5.7
23,6,3
23,7,3
23,8,3
23,9,3.2
23,10,3.2
23,11,3.2
23,12,3.5
23,13,3.5
23,14,3.5
23,15,3.5
23,16,3.5
23,17,3.5
23,18,3.5
23,19,1
23,20,0.9
23,21,0.8
23,22,3.5
23,23,3.5
23,24,1
23,25,1
23,26,3.5
23,27,3.5
23,28,3.5
23,29,3.6
23,30,3.6
23,31,1
23,32,1
23,33,3.5
23,34,3.5
23,35,3.5
23,36,4
23,37,1
23,38,1
23,39,1
23,40,1.5
23,41,1.5
23,42,6.5
23,43,6.4
23,44,6.5
23,45,6.3
23,46,6.25
23,47,6.25
24,0,6
24,1,6
24,2,6
24,3,6
24,4,6
24,5,3
24,6,3
24,7,3.5
24,8,3
24,9,3.2
24,10,3
24,11,3
24,12,3.5
24,13,3.5
24,14,3.5
24,15,3.5
24,16,3.5
24,17,3.5
24,18,3.5
24,19,0.8
24,20,0.9
24,21,3.5
24,22,3.5
24,23,3.5
24,24,1
24,25,1
24,26,3.5
24,27,3.5
24,28,3.5
24,29,3.6
24,30,3.6
24,31,1
24,32,1
24,33,3.5
24,34,3.5
24,35,3.5
24,36,4
24,37,3.8
24,38,1
24,39,3.8
24,40,1.5
24,41,1.5
24,42,6.5
24,43,6.4
24,44,6.5
24,45,6.3
24,46,6.5
24,47,6
25,0,6
25,1,6
25,2,6
25,3,6
25,4,6
25,5,3.2
25,6,3.2
25,7,3.5
25,8,3
25,9,3
25,10,3
25,11,3
25,12,3.5
25,13,3.5
25,14,3.5
25,15,3.5
25,16,3.5
25,17,3.5
25,18,0.8
25,19,0.8
25,20,3.5
25,21,3.5
25,22,3.5
25,23,3.5
25,24,1
25,25,1
25,26,3.5
25,27,3.5
25,28,3.5
25,29,3.5
25,30,3.5
25,31,3.5
25,32,3.5
25,33,3.5
25,34,3.5
25,35,3.5
25,36,4
25,37,3.8
25,38,4
25,39,3.8
25,40,1.5
25,41,1.5
25,42,6.5
25,43,6.3
25,44,6.5
25,45,6.3
25,46,6.5
25,47,6.25
26,0,6
26,1,6
26,2,6
26,3,6
26,4,6
26,5,3.2
26,6,3.1
26,7,3.5
26,8,3.5
26,9,3.5
26,10,3.5
26,11,3
26,12,3.5
26,13,3.5
26,14,3.5
26,15,3.5
26,16,3.5
26,17,3.5
26,18,0.7
26,19,0.9
26,20,3.5
26,21,3.5
26,22,3.5
26,23,3.5
26,24,3.5
26,25,3.5
26,26,3.5
26,27,3.5
26,28,3.5
26,29,3.5
26,30,3.5
26,31,3.5
26,32,3.5
26,33,3.5
26,34,3.5
26,35,3.5
26,36,4
26,37,4
26,38,4
26,39,3.8
26,40,1.5
26,41,1.5
26,42,1.5
26,43,6.5
26,44,6.5
26,45,6.3
26,46,6.5
26,47,6
27,0,6
27,1,6
27,2,6
27,3,6
27,4,6
27,5,3.5
27,6,3.2
27,7,3.5
27,8,3.5
27,9,3.5
27,10,3.5
27,11,3
27,12,3.5
27,13,3.5
27,14,3.5
27,15,3.5
27,16,3.5
27,17,3.5
27,18,1
27,19,0.9
27,20,3.5
27,21,3.5
27,22,3.5
27,23,3.5
27,24,3.5
27,25,3.5
27,26,3.5
27,27,3.5
27,28,1
27,29,1
27,30,1
27,31,3.5
27,32,3.5
27,33,3.5
27,34,3.5
27,35,3.5
27,36,1.5
27,37,3.5
27,38,4
27,39,3.8
27,40,1.5
27,41,4
27,42,1.5
27,43,6.5
27,44,6.5
27,45,6.3
27,46,6.5
27,47,6
28,0,6
28,1,6
28,2,6
28,3,6
28,4,3.5
28,5,3.2
28,6,3
28,7,3.5
28,8,3.5
28,9,3.5
28,10,4.5
28,11,4
28,12,3.5
28,13,3.5
28,14,3.5
28,15,3.5
28,16,3.5
28,17,3.5
28,18,0.8
28,19,0.8
28,20,3.5
28,21,3.5
28,22,3.5
28,23,3.5
28,24,3.5
28,25,3.5
28,26,3.5
28,27,1
28,28,1
28,29,1
28,30,3.5
28,31,3.5
28,32,3.5
28,33,3.5
28,34,3.5
28,35,3.5
28,36,1.5
28,37,1.5
28,38,4
28,39,3.8
28,40,1.5
28,41,4
28,42,4
28,43,6.3
28,44,6.5
28,45,6.3
28,46,6.5
28,47,6.25
29,0,6
29,1,6
29,2,6
29,3,6
29,4,3.5
29,5,3.4
29,6,3.4
29,7,3.6
29,8,3.5
29,9,3.5
29,10,6
29,11,5
29,12,3.5
29,13,3.5
29,14,3.5
29,15,3.5
29,16,3.5
29,17,3.5
29,18,3.5
29,19,0.7
29,20,0.8
29,21,3.5
29,22,3.5
29,23,3.5
29,24,3.5
29,25,3.5
29,26,1
29,27,1
29,28,3.5
29,29,3.6
29,30,3.6
29,31,3.5
29,32,3.5
29,33,3.5
29,34,3.5
29,35,3.5
29,36,1.5
29,37,1.5
29,38,4
29,39,3.8
29,40,1.5
29,41,4
29,42,4
29,43,6.3
29,44,6.5
29,45,6.5
29,46,6.5
29,47,6.25
30,0,6
30,1,6
30,2,6
30,3,6
30,4,3.5
30,5,3.5
30,6,3.5
30,7,3.5
30,8,3.5
30,9,3.5
30,10,6
30,11,5
30,12,3.5
30,13,3.5
30,14,3.5
30,15,3.5
30,16,3.5
30,17,3.5
30,18,3.5
30,19,0.6
30,20,0.9
30,21,3.5
30,22,3.5
30,23,3.5
30,24,3.5
30,25,3.5
30,26,1
30,27,3.5
30,28,3.5
30,29,3.6
30,30,3.6
30,31,3.5
30,32,3.5
30,33,3.5
30,34,3.5
30,35,3.5
30,36,1.5
30,37,2
30,38,4
30,39,3.8
30,40,1.5
30,41,4
30,42,4
30,43,4
30,44,4
30,45,6.5
30,46,6.5
30,47,6.25
31,0,6
31,1,6
31,2,6
31,3,3.5
31,4,3.5
31,5,3.2
31,6,3.5
31,7,3.5
31,8,3.5
31,9,3.5
31,10,6
31,11,5.5
31,12,3.5
31,13,3.5
31,14,3.5
31,15,3.5
31,16,3.5
31,17,3.5
31,18,3.5
31,19,0.9
31,20,0.9
31,21,3.5
31,22,3.5
31,23,3.5
31,24,3.5
31,25,3.5
31,26,1
31,27,3.5
31,28,3.5
31,29,3.5
31,30,3.5
31,31,3.5
31,32,3.5
31,33,3.5
31,34,3.5
31,35,3.5
31,36,3.5
31,37,4
31,38,4
31,39,3.8
31,40,1.5
31,41,4
31,42,4
31,43,4
31,44,4
31,45,6.5
31,46,6.5
31,47,6.5
32,0,6
32,1,6
32,2,6
32,3,3.5
32,4,3.5
32,5,3
32,6,3.2
32,7,3.5
32,8,3.5
32,9,3.5
32,10,6
32,11,4
32,12,3.5
32,13,3.5
32,14,3.5
32,15,3.5
32,16,3.5
32,17,3.5
32,18,3.5
32,19,0.8
32,20,0.8
32,21,0.8
32,22,3.5
32,23,3.4
32,24,3.5
32,25,3.5
32,26,3.5
32,27,1
32,28,3.5
32,29,3.5
32,30,3.5
32,31,3.5
32,32,3.5
32,33,3.5
32,34,3.5
32,35,3.5
32,36,4
32,37,4
32,38,4
32,39,3.8
32,40,2
32,41,4
32,42,4
32,43,4
32,44,4
32,45,6.5
32,46,6.5
32,47,6.25
33,0,6
33,1,6
33,2,6
33,3,3.5
33,4,3.5
33,5,3.4
33,6,3.2
33,7,3.5
33,8,3.5
33,9,3.5
33,10,6
33,11,5.5
33,12,3.5
33,13,3.5
33,14,3.5
33,15,3.5
33,16,3.5
33,17,3.5
33,18,3.5
33,19,3.2
33,20,0.8
33,21,0.8
33,22,3.3
33,23,3.4
33,24,1
33,25,1
33,26,1
33,27,1
33,28,1
33,29,3.5
33,30,3.5
33,31,3.5
33,32,3.5
33,33,3.5
33,34,3.5
33,35,3.5
33,36,4
33,37,3.8
33,38,4
33,39,3.6
33,40,2
33,41,4.1
33,42,4
33,43,4
33,44,4
33,45,6.25
33,46,6.5
33,47,6
34,0,6
34,1,6
34,2,6
34,3,3.2
34,4,3.5
34,5,3.1
34,6,3
34,7,3.3
34,8,3.5
34,9,3.5
34,10,6
34,11,5.75
34,12,3.7
34,13,3.5
34,14,3.5
34,15,3.5
34,16,3.5
34,17,3.5
34,18,3.5
34,19,3.5
34,20,3.5
34,21,0.75
34,22,3.4
34,23,0.75
34,24,1
34,25,1
34,26,1
34,27,1
34,28,1
34,29,1
34,30,1
34,31,1
34,32,3.5
34,33,3.5
34,34,3.5
34,35,3.5
34,36,4
34,37,3.8
34,38,4
34,39,3.8
34,40,1.5
34,41,3.9
34,42,4
34,43,4
34,44,4
34,45,6
34,46,6
34,47,6
35,0,6
35,1,6
35,2,6
35,3,3.5
35,4,3.5
35,5,3
35,6,3.1
35,7,3.2
35,8,3.5
35,9,3.5
35,10,3.1
35,11,3
35,12,3.5
35,13,3.5
35,14,3.5
35,15,3.5
35,16,3.5
35,17,3.5
35,18,3.5
35,19,3.5
35,20,3.5
35,21,1.8
35,22,0.9
35,23,1
35,24,1
35,25,1
35,26,1
35,27,1
35,28,1
35,29,1
35,30,1
35,31,1
35,32,1
35,33,1
35,34,1
35,35,1
35,36,4
35,37,3.8
35,38,4
35,39,3.8
35,40,1.5
35,41,3.9
35,42,4
35,43,4
35,44,4
35,45,6.5
35,46,6.5
35,47,5.5
36,0,6
36,1,6
36,2,4
36,3,3.5
36,4,3.5
36,5,3.5
36,6,3.5
36,7,1
36,8,1
36,9,1
36,10,1
36,11,3.5
36,12,0.2
36,13,0.5
36,14,2.8
36,15,2.9
36,16,2.9
36,17,3
36,18,3
36,19,3
36,20,2.8
36,21,0.1
36,22,0.2
36,23,0.1
36,24,0.5
36,25,0.5
36,26,3
36,27,3
36,28,2.8
36,29,2.8
36,30,3
36,31,3
36,32,3
36,33,0.75
36,34,0.5
36,35,0.5
36,36,1.4
36,37,1.5
36,38,1.5
36,39,3.9
36,40,3.9
36,41,3.9
36,42,3.9
36,43,3.9
36,44,4
36,45,6.2
36,46,6.2
36,47,6.1
37,0,6
37,1,6
37,2,4
37,3,3.5
37,4,3.5
37,5,3.5
37,6,3.5
37,7,1
37,8,1
37,9,1
37,10,1
37,11,4
37,12,0.4
37,13,2.7
37,14,2.8
37,15,3
37,16,3
37,17,3
37,18,3
37,19,2.9
37,20,2.9
37,21,2.8
37,22,0
37,23,2.6
37,24,0.5
37,25,0.5
37,26,4.2
37,27,0.2
37,28,2.9
37,29,2.7
37,30,2.9
37,31,3
37,32,3
37,33,3
37,34,0.75
37,35,1
37,36,1.5
37,37,1.5
37,38,3.9
37,39,3.9
37,40,3.8
37,41,4
37,42,4
37,43,4
37,44,4.1
37,45,4
37,46,6.3
37,47,6.2
38,0,6
38,1,6
38,2,4
38,3,3.5
38,4,3.5
38,5,3.5
38,6,3.5
38,7,3.5
38,8,3.5
38,9,3.5
38,10,3.5
38,11,3.5
38,12,0.4
38,13,2.8
38,14,2.8
38,15,3
38,16,3
38,17,3
38,18,3
38,19,3
38,20,3
38,21,2.9
38,22,2.8
38,23,2.6
38,24,1
38,25,0.5
38,26,0.2
38,27,0.2
38,28,0
38,29,2.7
38,30,2.9
38,31,3
38,32,2.9
38,33,3
38,34,3
38,35,3
38,36,3.7
38,37,3.8
38,38,3.9
38,39,3.8
38,40,4
38,41,4
38,42,4
38,43,4.1
38,44,3.9
38,45,6.3
38,46,6.4
38,47,6.3
39,0,6
39,1,6
39,2,4
39,3,3.5
39,4,3.5
39,5,3.5
39,6,3.5
39,7,3.5
39,8,3.5
39,9,3.5
39,10,3.5
39,11,6
39,12,2.8
39,13,2.9
39,14,3
39,15,2.8
39,16,2.9
39,17,3
39,18,3
39,19,2.8
39,20,2.8
39,21,2.9
39,22,2.9
39,23,2.9
39,24,3.1
39,25,0.3
39,26,0.2
39,27,0.1
39,28,0
39,29,2.8
39,30,2.9
39,31,3
39,32,3.1
39,33,3
39,34,3
39,35,3
39,36,3.8
39,37,3.9
39,38,3.9
39,39,3.9
39,40,4
39,41,4
39,42,4
39,43,4.1
39,44,4
39,45,6.4
39,46,6.3
39,47,6.2
40,0,6
40,1,6
40,2,4
40,3,3.5
40,4,3.5
40,5,3.5
40,6,3.5
40,7,3.5
40,8,3.5
40,9,3.5
40,10,3.5
40,11,6
40,12,2.7
40,13,3
40,14,3
40,15,0.5
40,16,3
40,17,3
40,18,3
40,19,3
40,20,2.8
40,21,2.9
40,22,2.9
40,23,2.9
40,24,3
40,25,3
40,26,0.2
40,27,0.1
40,28,0
40,29,0
40,30,2.9
40,31,3
40,32,3
40,33,3
40,34,3
40,35,3
40,36,3.9
40,37,3.7
40,38,4
40,39,4
40,40,3.9
40,41,4
40,42,4
40,43,4
40,44,4.1
40,45,6.4
40,46,6.3
40,47,6.3
41,0,6
41,1,6
41,2,3.5
41,3,3.5
41,4,3.5
41,5,3.5
41,6,3.5
41,7,3.5
41,8,3.5
41,9,3.5
41,10,1
41,11,6
41,12,2.8
41,13,2.8
41,14,3
41,15,0.5
41,16,0.6
41,17,3
41,18,3
41,19,3
41,20,2.9
41,21,2.5
41,22,2.7
41,23,2.9
41,24,3
41,25,3
41,26,0.3
41,27,3
41,28,0
41,29,0
41,30,2.9
41,31,3
41,32,3
41,33,3
41,34,3
41,35,3
41,36,4
41,37,3.9
41,38,3.8
41,39,3.8
41,40,3.9
41,41,4
41,42,4
41,43,4.1
41,44,4.1
41,45,6.4
41,46,6.4
41,47,6.1
42,0,6
42,1,6
42,2,6
42,3,3.5
42,4,3.5
42,5,3.5
42,6,3.5
42,7,3.5
42,8,3.5
42,9,3.5
42,10,1
42,11,9.5
42,12,2.8
42,13,2.8
42,14,3
42,15,1
42,16,0.8
42,17,3
42,18,3
42,19,3
42,20,2.8
42,21,3
42,22,2.9
42,23,3
42,24,3.1
42,25,3
42,26,0.3
42,27,0.1
42,28,2.9
42,29,0
42,30,0.1
42,31,3
42,32,3
42,33,3
42,34,3
42,35,3
42,36,3.7
42,37,3.9
42,38,4
42,39,4
42,40,3.6
42,41,3.8
42,42,4
42,43,4.1
42,44,4
42,45,6.5
42,46,6.4
42,47,6.4
43,0,6
43,1,6
43,2,6
43,3,3.5
43,4,3.5
43,5,3.5
43,6,3.5
43,7,3.5
43,8,3.5
43,9,3.5
43,10,1
43,11,9.5
43,12,2.7
43,13,2.9
43,14,3
43,15,3
43,16,2.8
43,17,3
43,18,3
43,19,3
43,20,2.9
43,21,3
43,22,2.7
43,23,2.7
43,24,3.1
43,25,3
43,26,0.3
43,27,3
43,28,2.9
43,29,0
43,30,0.1
43,31,3
43,32,3.1
43,33,3
43,34,3
43,35,3
43,36,4
43,37,3.8
43,38,4
43,39,3.8
43,40,4
43,41,4.1
43,42,4.2
43,43,4.1
43,44,6.4
43,45,6.5
43,46,6.5
43,47,6.4
44,0,6
44,1,6
44,2,6
44,3,6
44,4,3.5
44,5,3.5
44,6,3.5
44,7,3.5
44,8,3.5
44,9,3.5
44,10,9.5
44,11,9.5
44,12,2.5
44,13,3
44,14,3
44,15,3
44,16,2.9
44,17,3
44,18,2.8
44,19,2.7
44,20,2.9
44,21,2.6
44,22,2.5
44,23,2.8
44,24,3.1
44,25,3.1
44,26,0.3
44,27,3
44,28,2.9
44,29,0
44,30,2.8
44,31,2.9
44,32,3
44,33,3
44,34,3
44,35,3
44,36,3.9
44,37,3.8
44,38,3.9
44,39,4
44,40,4.4
44,41,4.1
44,42,3.9
44,43,4
44,44,6.5
44,45,6.4
44,46,6.5
44,47,6.4
45,0,6
45,1,6
45,2,6
45,3,6
45,4,6
45,5,3.5
45,6,3.5
45,7,3.5
45,8,3.5
45,9,3.5
45,10,9.5
45,11,9.5
45,12,2.8
45,13,2.9
45,14,2.9
45,15,3
45,16,3
45,17,3
45,18,3
45,19,2.9
45,20,2.8
45,21,2.8
45,22,2.9
45,23,3
45,24,3.1
45,25,3.1
45,26,0.3
45,27,0.2
45,28,2.9
45,29,0
45,30,0
45,31,2.9
45,32,2.8
45,33,3
45,34,3
45,35,3
45,36,3.7
45,37,3.8
45,38,1.5
45,39,2.2
45,40,1.5
45,41,1.4
45,42,1.4
45,43,1.4
45,44,6.5
45,45,6.4
45,46,6.4
45,47,6.3
46,0,6
46,1,6
46,2,6
46,3,6
46,4,6
46,5,3.5
46,6,3.5
46,7,3.5
46,8,3.5
46,9,3.5
46,10,9.5
46,11,9.5
46,12,2.7
46,13,2.9
46,14,3
46,15,3
46,16,3
46,17,3
46,18,3
46,19,3
46,20,3
46,21,2.7
46,22,3
46,23,3
46,24,3.1
46,25,3.1
46,26,0.3
46,27,3
46,28,2.8
46,29,0
46,30,0
46,31,2.7
46,32,2.8
46,33,3
46,34,3
46,35,3
46,36,3.7
46,37,3.7
46,38,1.8
46,39,2.1
46,40,1.6
46,41,1.2
46,42,1.4
46,43,4
46,44,3.9
46,45,6.4
46,46,6.4
46,47,6.3
47,0,6
47,1,6
47,2,6
47,3,6
47,4,6
47,5,6
47,6,3.5
47,7,3.5
47,8,3.5
47,9,3.5
47,10,9.5
47,11,9.5
47,12,2.7
47,13,2.9
47,14,2.9
47,15,3
47,16,3.1
47,17,3
47,18,3
47,19,3
47,20,3
47,21,3
47,22,3
47,23,3
47,24,3.1
47,25,3.1
47,26,3
47,27,2.9
47,28,2.7
47,29,2.7
47,30,0
47,31,0
47,32,2.9
47,33,3
47,34,3
47,35,3
47,36,3.7
47,37,3.7
47,38,1.6
47,39,1.6
47,40,1.4
47,41,2.3
47,42,3.2
47,43,4
47,44,4
47,45,6.4
47,46,6.3
47,47,6.2
48,0,6
48,1,6
48,2,6
48,3,6
48,4,6
48,5,6
48,6,6
48,7,3.5
48,8,3.5
48,9,3.5
48,10,9.5
48,11,9.5
48,12,2.8
48,13,2.9
48,14,3
48,15,3
48,16,3
48,17,3
48,18,3
48,19,3
48,20,3
48,21,2.9
48,22,3.1
48,23,2.9
48,24,3.1
48,25,3.1
48,26,2.9
48,27,2.9
48,28,3
48,29,3
48,30,2.9
48,31,0
48,32,2.9
48,33,3
48,34,3
48,35,3
48,36,3.7
48,37,3.5
48,38,1.1
48,39,1.2
48,40,1.3
48,41,2.2
48,42,3.1
48,43,4
48,44,3.8
48,45,6.4
48,46,6.3
48,47,6.2
49,0,6
49,1,6
49,2,6
49,3,6
49,4,6
49,5,6
49,6,6
49,7,3.5
49,8,3.5
49,9,3.5
49,10,9.5
49,11,9.5
49,12,2.7
49,13,3
49,14,3
49,15,2.9
49,16,3
49,17,3
49,18,3
49,19,3
49,20,3
49,21,3
49,22,3
49,23,2.9
49,24,3.1
49,25,3
49,26,0.1
49,27,0.1
49,28,2.7
49,29,3
49,30,2.9
49,31,0.1
49,32,2.8
49,33,3
49,34,3
49,35,3
49,36,1
49,37,1.1
49,38,1.1
49,39,1.3
49,40,1.3
49,41,3.8
49,42,4
49,43,4
49,44,6.4
49,45,6.4
49,46,6.3
49,47,6.3
50,0,6
50,1,6
50,2,6
50,3,6
50,4,6
50,5,6
50,6,6
50,7,3.5
50,8,3.5
50,9,3.5
50,10,9.5
50,11,6
50,12,2.7
50,13,2.9
50,14,3
50,15,3
50,16,3
50,17,3
50,18,3
50,19,3
50,20,2.9
50,21,3
50,22,3
50,23,2.9
50,24,3.1
50,25,3
50,26,0.1
50,27,3
50,28,2.9
50,29,2.9
50,30,2.8
50,31,0
50,32,0.1
50,33,3
50,34,3
50,35,3
50,36,1.1
50,37,1.8
50,38,1.3
50,39,3.8
50,40,3.9
50,41,3.9
50,42,3.9
50,43,4
50,44,4
50,45,6.3
50,46,6.3
50,47,6.2
51,0,6
51,1,6
51,2,6
51,3,6
51,4,6
51,5,6
51,6,6
51,7,3.5
51,8,3.5
51,9,3.5
51,10,9.5
51,11,6
51,12,2.6
51,13,2.8
51,14,3
51,15,3
51,16,3
51,17,3
51,18,3
51,19,3
51,20,3
51,21,3
51,22,2.8
51,23,3
51,24,3.1
51,25,0.4
51,26,3
51,27,3
51,28,2.8
51,29,2.8
51,30,2.7
51,31,2.8
51,32,2.9
51,33,0
51,34,3
51,35,3
51,36,1.1
51,37,1.2
51,38,1.1
51,39,3.8
51,40,4.1
51,41,4.1
51,42,4
51,43,4
51,44,6.4
51,45,6.4
51,46,6.4
51,47,6.2
52,0,6
52,1,6
52,2,6
52,3,6
52,4,6
52,5,6
52,6,6
52,7,3.5
52,8,3.5
52,9,9.5
52,10,9.5
52,11,6
52,12,2.7
52,13,2.8
52,14,3
52,15,3
52,16,3
52,17,3
52,18,3
52,19,3
52,20,3
52,21,3
52,22,0.5
52,23,0.5
52,24,3.1
52,25,0.3
52,26,3
52,27,3
52,28,2.8
52,29,2.9
52,30,2.9
52,31,2.9
52,32,2.8
52,33,3
52,34,0
52,35,3
52,36,1.1
52,37,1.1
52,38,6.4
52,39,6.6
52,40,3.9
52,41,6.5
52,42,6.5
52,43,6.5
52,44,6.3
52,45,6.3
52,46,6.3
52,47,6.3
53,0,6
53,1,6
53,2,6
53,3,6
53,4,6
53,5,6
53,6,6
53,7,3.5
53,8,3.5
53,9,6
53,10,6
53,11,6
53,12,3
53,13,2.8
53,14,3
53,15,3
53,16,3
53,17,3
53,18,3
53,19,3
53,20,3.1
53,21,0.5
53,22,0.5
53,23,0.5
53,24,0.6
53,25,0.3
53,26,3
53,27,3
53,28,3
53,29,2.8
53,30,2.5
53,31,2.6
53,32,2.6
53,33,3
53,34,2.5
53,35,0
53,36,1
53,37,6
53,38,6.5
53,39,6.2
53,40,6
53,41,6.2
53,42,6.5
53,43,6.5
53,44,6.2
53,45,6
53,46,6.3
53,47,6
54,0,1.5
54,1,1.5
54,2,1.8
54,3,1.7
54,4,1.5
54,5,1.7
54,6,1.5
54,7,2
54,8,1.8
54,9,2
54,10,1.8
54,11,2
54,12,3.5
54,13,3.5
54,14,1.5
54,15,1.3
54,16,1.5
54,17,1.5
54,18,1.5
54,19,1.5
54,20,1.5
54,21,1.5
54,22,1.5
54,23,1.5
54,24,5.9
54,25,5.7
54,26,5.7
54,27,5.6
54,28,5.7
54,29,5.8
54,30,5.7
54,31,5.9
54,32,5.8
54,33,5.5
54,34,3.4
54,35,5.1
54,36,3.5
54,37,4
54,38,4
54,39,4
54,40,4
54,41,4
54,42,4
54,43,4
54,44,4
54,45,3.5
54,46,3.5
54,47,4
55,0,1.8
55,1,1.8
55,2,1.6
55,3,1.7
55,4,1.7
55,5,1.6
55,6,1.5
55,7,1.9
55,8,1.9
55,9,2
55,10,4
55,11,6.9
55,12,3.5
55,13,3.5
55,14,1.5
55,15,1.3
55,16,1.5
55,17,1.5
55,18,1.5
55,19,1.5
55,20,1.5
55,21,1.5
55,22,1.5
55,23,1.3
55,24,5.8
55,25,5.8
55,26,5.8
55,27,5.6
55,28,5.7
55,29,5.8
55,30,5.7
55,31,5.7
55,32,5.8
55,33,3.3
55,34,3.4
55,35,3.4
55,36,4
55,37,4
55,38,4
55,39,4
55,40,4
55,41,4
55,42,4
55,43,4
55,44,4
55,45,4
55,46,4
55,47,4
56,0,1.9
56,1,2
56,2,1.9
56,3,1.7
56,4,1.8
56,5,1.7
56,6,1.8
56,7,3.8
56,8,4.1
56,9,4
56,10,4
56,11,6.8
56,12,4.5
56,13,3.5
56,14,3.5
56,15,3.5
56,16,1.5
56,17,1.5
56,18,1.5
56,19,1.5
56,20,1.5
56,21,1.5
56,22,1.5
56,23,1.3
56,24,5.8
56,25,5.8
56,26,5.7
56,27,5.6
56,28,5.7
56,29,5.6
56,30,5.7
56,31,3.4
56,32,3.4
56,33,3.3
56,34,3.3
56,35,3.3
56,36,1.5
56,37,1.5
56,38,1.5
56,39,4
56,40,4
56,41,4
56,42,4
56,43,4
56,44,4
56,45,4
56,46,4
56,47,4
57,0,1.9
57,1,2
57,2,1.7
57,3,1.6
57,4,4.7
57,5,4.7
57,6,4.8
57,7,3.8
57,8,4
57,9,4
57,10,4
57,11,6.5
57,12,6
57,13,6
57,14,6
57,15,6
57,16,6.3
57,17,6.3
57,18,6
57,19,1.5
57,20,1.5
57,21,6
57,22,1.5
57,23,1.5
57,24,5.7
57,25,5.7
57,26,5.7
57,27,5.7
57,28,5.7
57,29,3
57,30,3.2
57,31,3.4
57,32,3.4
57,33,3.3
57,34,3.3
57,35,3.3
57,36,1.5
57,37,1.5
57,38,1.5
57,39,1.5
57,40,4
57,41,4
57,42,4
57,43,4
57,44,4
57,45,4
57,46,4
57,47,4
58,0,1.9
58,1,6.3
58,2,1.9
58,3,6.2
58,4,6.3
58,5,6.6
58,6,6.4
58,7,3.9
58,8,6.2
58,9,4
58,10,4
58,11,6.5
58,12,4.3
58,13,6
58,14,6.3
58,15,6
58,16,6.3
58,17,6.3
58,18,6
58,19,6
58,20,6
58,21,6
58,22,6
58,23,6
58,24,3.4
58,25,3.4
58,26,3.4
58,27,3.1
58,28,3
58,29,3.1
58,30,3.2
58,31,3.3
58,32,3.3
58,33,3.2
58,34,5.7
58,35,5.7
58,36,1.5
58,37,1.5
58,38,1.5
58,39,1.5
58,40,1.5
58,41,1.5
58,42,4
58,43,4
58,44,4
58,45,4
58,46,4
58,47,4.5
59,0,6.5
59,1,6.1
59,2,6.3
59,3,6.2
59,4,6.5
59,5,1
59,6,1
59,7,6.7
59,8,4
59,9,6.5
59,10,4
59,11,4
59,12,6
59,13,6
59,14,6
59,15,6.3
59,16,6.5
59,17,6.3
59,18,6
59,19,6
59,20,6
59,21,6
59,22,6
59,23,6
59,24,3.5
59,25,3.3
59,26,3.3
59,27,3.3
59,28,3
59,29,3.1
59,30,3.2
59,31,3.3
59,32,3.3
59,33,5.6
59,34,5.7
59,35,5.6
59,36,1
59,37,1
59,38,1.5
59,39,1.5
59,40,1.5
59,41,2
59,42,3.5
59,43,4
59,44,4
59,45,4
59,46,4
59,47,4
60,0,6.2
60,1,6.2
60,2,6.2
60,3,6.2
60,4,6.3
60,5,1
60,6,1
60,7,6.5
60,8,6.3
60,9,6.5
60,10,6.5
60,11,6.5
60,12,6
60,13,6
60,14,6.3
60,15,6
60,16,6
60,17,6.3
60,18,6.3
60,19,6
60,20,6
60,21,6
60,22,6
60,23,6.5
60,24,3.4
60,25,3.3
60,26,3.2
60,27,3
60,28,2.9
60,29,3
60,30,3.1
60,31,3.3
60,32,3.3
60,33,5.7
60,34,7.6
60,35,5.7
60,36,1.5
60,37,1.5
60,38,1.5
60,39,1.5
60,40,1.5
60,41,2
60,42,3.5
60,43,4.5
60,44,4.5
60,45,4.5
60,46,4.5
60,47,4
61,0,6.3
61,1,6.2
61,2,6.6
61,3,6.2
61,4,6.5
61,5,6.3
61,6,6.5
61,7,6.5
61,8,6.2
61,9,6.5
61,10,6.3
61,11,6.5
61,12,6
61,13,6
61,14,6
61,15,6
61,16,6
61,17,6.3
61,18,6.5
61,19,6
61,20,6
61,21,6
61,22,6
61,23,6
61,24,3.4
61,25,3.4
61,26,3.3
61,27,2.9
61,28,2.9
61,29,3.1
61,30,3.1
61,31,8.1
61,32,5.8
61,33,5.4
61,34,7.7
61,35,5.6
61,36,1.5
61,37,1.5
61,38,1.5
61,39,1.5
61,40,1.5
61,41,1.5
61,42,1.5
61,43,1.5
61,44,1.5
61,45,4
61,46,4
61,47,4.5
62,0,6.3
62,1,6.2
62,2,6.5
62,3,6.3
62,4,6.5
62,5,6.4
62,6,6.5
62,7,6.5
62,8,6.2
62,9,6.5
62,10,6.5
62,11,6.2
62,12,6
62,13,6
62,14,6.3
62,15,6
62,16,6
62,17,6
62,18,6
62,19,6
62,20,6
62,21,6
62,22,6
62,23,8.8
62,24,3.2
62,25,3.3
62,26,3.3
62,27,3
62,28,2.8
62,29,2.9
62,30,2.9
62,31,8.2
62,32,8
62,33,5.5
62,34,5.2
62,35,5.7
62,36,4
62,37,1.5
62,38,1.5
62,39,1.5
62,40,1.5
62,41,1.5
62,42,1.5
62,43,1.5
62,44,1.5
62,45,1.5
62,46,4
62,47,4
63,0,8.9
63,1,9
63,2,9
63,3,8.9
63,4,9
63,5,6.3
63,6,6.3
63,7,6.2
63,8,6.3
63,9,6.7
63,10,6.5
63,11,6.2
63,12,6
63,13,6
63,14,6.3
63,15,6.3
63,16,6.5
63,17,6.3
63,18,6.3
63,19,6.3
63,20,6
63,21,8.5
63,22,6
63,23,8.8
63,24,3.3
63,25,8
63,26,8.3
63,27,8.3
63,28,8.2
63,29,8.2
63,30,8.3
63,31,8.2
63,32,8.2
63,33,5.5
63,34,5.6
63,35,5.7
63,36,1.5
63,37,3.5
63,38,4
63,39,1.5
63,40,1.5
63,41,1.5
63,42,1.5
63,43,1.5
63,44,1.5
63,45,1.5
63,46,1.5
63,47,1.5
64,0,9
64,1,9
64,2,9
64,3,9
64,4,9
64,5,8.9
64,6,9
64,7,6.5
64,8,6.2
64,9,6.5
64,10,6.4
64,11,6.2
64,12,6.3
64,13,6.5
64,14,6.3
64,15,6.3
64,16,8.8
64,17,8.5
64,18,8.75
64,19,8.75
64,20,8
64,21,8.5
64,22,8.5
64,23,8.5
64,24,8.3
64,25,8.3
64,26,8.3
64,27,8.3
64,28,8.3
64,29,8.2
64,30,8.3
64,31,8.3
64,32,8.2
64,33,6
64,34,8.1
64,35,5.4
64,36,3.5
64,37,4
64,38,4
64,39,4
64,40,1.5
64,41,1.5
64,42,1.5
64,43,1.5
64,44,1.5
64,45,1.5
64,46,1.5
64,47,1.5
65,0,9
65,1,9
65,2,9
65,3,9
65,4,9
65,5,1
65,6,1
65,7,9
65,8,6.5
65,9,6.5
65,10,6.5
65,11,6.2
65,12,8.8
65,13,9
65,14,8.5
65,15,8.5
65,16,8.8
65,17,8.5
65,18,8.5
65,19,8.5
65,20,9
65,21,8.5
65,22,8.5
65,23,8.5
65,24,8.3
65,25,8.3
65,26,8.3
65,27,8.2
65,28,8.2
65,29,8.3
65,30,8.3
65,31,8.2
65,32,8.2
65,33,6.1
65,34,7.8
65,35,8
65,36,3.5
65,37,4
65,38,4
65,39,4
65,40,4
65,41,4
65,42,4
65,43,1.5
65,44,1.5
65,45,1.5
65,46,1.5
65,47,1.5
66,0,9
66,1,9
66,2,9
66,3,9
66,4,9
66,5,1
66,6,1
66,7,9
66,8,9
66,9,9
66,10,6.7
66,11,6.1
66,12,8.8
66,13,9
66,14,8.8
66,15,8.8
66,16,8.75
66,17,8.75
66,18,8.5
66,19,8.5
66,20,8.5
66,21,8.5
66,22,8.5
66,23,8.5
66,24,8.3
66,25,8.3
66,26,8.3
66,27,8.3
66,28,8.2
66,29,8.3
66,30,8.1
66,31,8.2
66,32,8.3
66,33,8
66,34,8
66,35,8
66,36,3.5
66,37,4
66,38,4
66,39,4
66,40,6.5
66,41,6.5
66,42,6.5
66,43,6.5
66,44,1.5
66,45,1.5
66,46,1.5
66,47,1.5
67,0,9
67,1,9
67,2,9
67,3,9
67,4,9
67,5,8.9
67,6,9
67,7,9
67,8,9
67,9,9
67,10,8.9
67,11,6.3
67,12,8.3
67,13,9
67,14,8.5
67,15,8.8
67,16,8.75
67,17,8.8
67,18,9
67,19,8.5
67,20,8.5
67,21,8.5
67,22,8.5
67,23,8.5
67,24,8.4
67,25,8.2
67,26,8.3
67,27,8.3
67,28,8
67,29,8.2
67,30,8.3
67,31,8.2
67,32,8.2
67,33,8
67,34,7.9
67,35,8.1
67,36,3.5
67,37,3
67,38,3.5
67,39,6.5
67,40,6.5
67,41,6.5
67,42,6.5
67,43,6.5
67,44,1.5
67,45,1.5
67,46,1.5
67,47,1.5
68,0,9
68,1,9
68,2,9
68,3,9
68,4,9
68,5,9
68,6,9
68,7,9
68,8,8.8
68,9,8.9
68,10,8.9
68,11,9
68,12,8.6
68,13,9
68,14,8.75
68,15,8.8
68,16,8.75
68,17,8.8
68,18,8.75
68,19,8.5
68,20,8.75
68,21,8.5
68,22,8.5
68,23,8.5
68,24,8.3
68,25,8.3
68,26,8.2
68,27,8.3
68,28,8.3
68,29,8.2
68,30,8.3
68,31,8.3
68,32,8.2
68,33,8
68,34,8
68,35,8.1
68,36,6.5
68,37,6.5
68,38,6.5
68,39,6.5
68,40,6.5
68,41,6.5
68,42,6.5
68,43,6.5
68,44,6.5
68,45,6.5
68,46,1.5
68,47,1.5
69,0,9
69,1,9
69,2,9
69,3,9
69,4,9
69,5,9
69,6,8.8
69,7,9
69,8,8.9
69,9,9.1
69,10,8.8
69,11,9
69,12,8.5
69,13,9
69,14,8.5
69,15,8.5
69,16,8.75
69,17,8.8
69,18,8.5
69,19,8.5
69,20,8.75
69,21,8.8
69,22,8.5
69,23,8.5
69,24,8.3
69,25,8.4
69,26,8.3
69,27,8.3
69,28,8.3
69,29,8.3
69,30,8.2
69,31,8.3
69,32,8.3
69,33,8.1
69,34,7.9
69,35,8.1
69,36,6.5
69,37,6.5
69,38,6.5
69,39,6.5
69,40,6.5
69,41,6.5
69,42,6.5
69,43,6.5
69,44,6.5
69,45,6.5
69,46,6.5
69,47,6.5
70,0,9
70,1,9
70,2,9
70,3,9
70,4,9
70,5,9
70,6,8.8
70,7,8.9
70,8,8.8
70,9,9
70,10,8.8
70,11,9
70,12,8.5
70,13,8.5
70,14,8.5
70,15,8.5
70,16,8.5
70,17,8.8
70,18,8.5
70,19,8.5
70,20,8.75
70,21,8.8
70,22,8.5
70,23,8.8
70,24,8.2
70,25,8.3
70,26,8.3
70,27,8.3
70,28,8.3
70,29,8.3
70,30,8.3
70,31,8.3
70,32,8.3
70,33,8.1
70,34,8
70,35,8
70,36,6.5
70,37,6.5
70,38,6.5
70,39,6.5
70,40,6.5
70,41,6.5
70,42,6.5
70,43,6.5
70,44,6.5
70,45,6.5
70,46,6.5
70,47,6.5
71,0,9
71,1,9
71,2,4
71,3,4
71,4,9
71,5,8.9
71,6,8.6
71,7,8.9
71,8,8.9
71,9,4
71,10,8.9
71,11,7.2
71,12,7
71,13,8.5
71,14,8.7
71,15,8.8
71,16,8.75
71,17,8.8
71,18,8.5
71,19,8.5
71,20,8.7
71,21,8.8
71,22,8.6
71,23,8.5
71,24,7.8
71,25,8.3
71,26,8.3
71,27,8.3
71,28,8.3
71,29,8.3
71,30,8.3
71,31,8.3
71,32,8.3
71,33,8.1
71,34,8.1
71,35,7.1
71,36,8
71,37,8
71,38,6.5
71,39,6
71,40,6.5
71,41,6
71,42,6.5
71,43,6
71,44,6.5
71,45,6
71,46,6.5
71,47,5